NULL
18 18
0 0 0 0 0 0
NULL 18 0 0 100 910 0 0 0 0 0 0 0 0 0 0 0 0 0 0 0 0 0 0 0 0 0 0 0 0
NULL 18 0 0 100 910 0 0 0 0 0 0 0 0 0 0 0 0 0 0 0 0 0 0 0 0 0 0 0 0
NULL 18 0 0 100 910 0 0 0 0 0 0 0 0 0 0 0 0 0 0 0 0 0 0 0 0 0 0 0 0
NULL 18 0 0 100 910 0 0 0 0 0 0 0 0 0 0 0 0 0 0 0 0 0 0 0 0 0 0 0 0
Pikachu
12 18
211 146 116 136 136 216
Nuzzle 12 20 0 20 100 7 0 100 0 0 0 0 0 0 0 0 0 0 0 0 0 0 0 0 0 0 0 0 0
Volt_Tackle 12 120 0 15 100 7 0 10 0 0 0 0 0 0 0 0 0 0 0 0 0 0 0 0 0 0 0 0 0
Iron_Tail 8 100 0 15 75 0 0 0 0 -1 0 0 0 0 0 75 0 0 0 0 0 0 0 0 0 0 0 0 0
Charge_Beam 12 50 1 16 90 0 0 0 0 0 0 0 0 0 0 0 0 0 1 0 0 0 0 0 0 0 0 70 0
Jigglypuff
0 17
371 126 76 126 86 76
Headbutt 0 70 0 24 100 0 0 0 0 0 0 0 0 0 0 0 0 0 0 0 0 0 0 0 0 0 0 0 30
Sing 0 0 2 15 55 4 0 100 0 0 0 0 0 0 0 0 0 0 0 0 0 0 0 0 0 0 0 0 0
Knock_Off 16 65 0 20 100 0 0 0 0 0 0 0 0 0 0 0 0 0 0 0 0 0 0 0 0 0 0 0 0
Dazzling_Gleam 17 80 1 10 100 0 0 0 0 0 0 0 0 0 0 0 0 0 0 0 0 0 0 0 0 0 0 0 0
Magmar
9 18
271 226 150 236 206 222
Flamethrower 9 90 1 15 100 5 0 10 0 0 0 0 0 0 0 0 0 0 0 0 0 0 0 0 0 0 0 0 0
Confuse_Ray 7 0 2 10 100 0 1 100 0 0 0 0 0 0 0 0 0 0 0 0 0 0 0 0 0 0 0 0 0
Clear_Smog 3 50 1 15 910 0 0 0 0 0 0 0 0 0 0 0 0 0 0 0 0 0 0 0 0 0 0 0 0
Mud-Slap  4 20 1 10 100 0 0 0 0 0 0 0 0 0 -1 100 0 0 0 0 0 0 0 0 0 0 0 0 0
Ghastly
7 3
201 75 96 236 106 196
Shadow_Ball 7 80 1 24 100 0 0 0 0 0 0 -1 0 0 0 20 0 0 0 0 0 0 0 0 0 0 0 0 0
Energy_Ball 11 90 1 16 100 0 0 0 0 0 0 -1 0 0 0 10 0 0 0 0 0 0 0 0 0 0 0 0 0
Sludge_Bomb 3 90 1 16 100 7 0 30 0 0 0 0 0 0 0 0 0 0 0 0 0 0 0 0 0 0 0 0 0
Toxic 3 0 2 20 910 10 0 100 0 0 0 0 0 0 0 0 0 0 0 0 0 0 0 0 0 0 0 0 0
Skarmory
8 2
271 196 316 116 176 176
Drill_Peck 2 80 0 32 100 0 0 0 0 0 0 0 0 0 0 0 0 0 0 0 0 0 0 0 0 0 0 0 0
Brave_Bird 2 120 0 24 100 0 0 0 0 0 0 0 0 0 0 0 0 0 0 0 0 0 0 0 33 0 0 100 0
Iron_Head 8 80 0 24 100 0 0 0 0 0 0 0 0 0 0 0 0 0 0 0 0 0 0 0 0 0 0 0 30
Return 0 102 0 32 100 0 0 0 0 0 0 0 0 0 0 0 0 0 0 0 0 0 0 0 0 0 0 0 0
Azumarill
10 17
341 272 196 156 196 136
Waterfall 10 80 0 24 100 0 0 0 0 0 0 0 0 0 0 0 0 0 0 0 0 0 0 0 0 0 0 0 20
Play_Rough 17 90 0 16 90 0 0 0 -1 0 0 0 0 0 0 10 0 0 0 0 0 0 0 0 0 0 0 0 0
Ice_Punch 14 75 0 24 100 6 0 10 0 0 0 0 0 0 0 0 0 0 0 0 0 0 0 0 0 0 0 0 0
Bulldoze 4 60 0 32 100 0 0 0 0 0 0 0 -1 0 0 100 0 0 0 0 0 0 0 0 0 0 0 0 0
Dragonair
15 18
263 204 166 176 176 176
Outrage 15 120 0 16 100 0 0 0 0 0 0 0 0 0 0 0 0 0 0 0 0 0 0 0 0 0 0 0 0
Waterfall 10 80 0 24 100 0 0 0 0 0 0 0 0 0 0 0 0 0 0 0 0 0 0 0 0 0 0 0 20
Hidden_Power 8 60 1 24 100 0 0 0 0 0 0 0 0 0 0 0 0 0 0 0 0 0 0 0 0 0 0 0 0
Thunderbolt 12 90 1 24 100 7 0 10 0 0 0 0 0 0 0 0 0 0 0 0 0 0 0 0 0 0 0 0 0
Mega_Mawile
8 17
241 492 286 146 226 136
Iron_Head 8 80 0 24 100 0 0 0 0 0 0 0 0 0 0 0 0 0 0 0 0 0 0 0 0 0 0 0 30
Play_Rough 17 90 0 16 90 0 0 0 -1 0 0 0 0 0 0 10 0 0 0 0 0 0 0 0 0 0 0 0 0
Crunch 16 80 0 24 100 0 0 0 0 -1 0 0 0 0 0 20 0 0 0 0 0 0 0 0 0 0 0 0 0
Swords_Dance 0 0 3 32 910 0 0 0 0 0 0 0 0 0 0 0 2 0 0 0 0 0 0 0 0 0 0 100 0
Greninja
10 16
285 195 170 242 178 280
Surf 10 90 1 24 100 0 0 0 0 0 0 0 0 0 0 0 0 0 0 0 0 0 0 0 0 0 0 0 0
Dark_Pulse 16 80 1 24 100 0 0 0 0 0 0 0 0 0 0 0 0 0 0 0 0 0 0 0 0 0 0 0 20
Extrasensory 13 80 1 32 100 0 0 0 0 0 0 0 0 0 0 0 0 0 0 0 0 0 0 0 0 0 0 0 10
Icy_Wind 14 55 1 24 100 0 0 0 0 0 0 0 -1 0 0 100 0 0 0 0 0 0 0 0 0 0 0 0 0
Gallade
13 13
277 286 166 166 266 196
Swords_Dance 0 0 3 32 910 0 0 0 0 0 0 0 0 0 0 0 2 0 0 0 0 0 0 0 0 0 0 100 0
Close_Combat 1 120 0 8 100 0 0 0 0 0 0 0 0 0 0 0 0 -1 0 -1 0 0 0 0 0 0 0 100 0
Zen_Headbutt 13 80 0 24 90 0 0 0 0 0 0 0 0 0 0 0 0 0 0 0 0 0 0 0 0 0 0 0 20
Knock_Off 16 65 0 32 100 0 0 0 0 0 0 0 0 0 0 0 0 0 0 0 0 0 0 0 0 0 0 0 0
Volcarona
9 6
311 125 166 306 246 236
Quiver_Dance 0 0 3 32 910 0 0 0 0 0 0 0 0 0 0 0 0 0 1 1 1 0 0 0 0 0 0 100 0
Flamethrower 9 90 1 15 100 5 0 10 0 0 0 0 0 0 0 0 0 0 0 0 0 0 0 0 0 0 0 0 0
Bug_Buzz 6 90 1 16 100 0 0 0 0 0 0 -1 0 0 0 10 0 0 0 0 0 0 0 0 0 0 0 0 0
Roost 2 0 3 16 910 0 0 0 0 0 0 0 0 0 0 0 0 0 0 0 0 0 0 1 0 0 0 100 0
Snorlax
0 18
461 256 166 166 256 96
Stockpile 0 0 3 32 910 0 0 0 0 0 0 0 0 0 0 0 0 1 0 1 0 0 0 0 0 0 0 100 0
Rest 13 0 3 16 910 0 0 0 0 0 0 0 0 0 0 0 0 0 0 0 0 0 0 2 0 4 0 100 0
Crunch 16 80 0 24 100 0 0 0 0 -1 0 0 0 0 0 20 0 0 0 0 0 0 0 0 0 0 0 0 0
Body_Slam 0 85 0 24 100 7 0 30 0 0 0 0 0 0 0 0 0 0 0 0 0 0 0 0 0 0 0 0 0
Flygon
4 15
301 236 196 196 196 236
Boomburst 0 140 1 16 100 0 0 0 0 0 0 0 0 0 0 0 0 0 0 0 0 0 0 0 0 0 0 0 0
Draco_Meteor 15 130 1 8 90 0 0 0 0 0 0 0 0 0 0 0 0 0 -2 0 0 0 0 0 0 0 0 100 0
Earthquake 4 100 0 16 100 0 0 0 0 0 0 0 0 0 0 0 0 0 0 0 0 0 0 0 0 0 0 0 0
Roost 2 0 3 16 910 0 0 0 0 0 0 0 0 0 0 0 0 0 0 0 0 0 0 1 0 0 0 100 0
Scizor
6 8
281 296 236 146 196 196
Iron_Head 8 80 0 24 100 0 0 0 0 0 0 0 0 0 0 0 0 0 0 0 0 0 0 0 0 0 0 0 30
Superpower 1 120 0 8 100 0 0 0 0 0 0 0 0 0 0 0 -1 0 -1 0 0 0 0 0 0 0 0 100 0
X-Scissor 6 80 0 24 100 0 0 0 0 0 0 0 0 0 0 0 0 0 0 0 0 0 0 0 0 0 0 0 0
Metal_Claw 8 50 0 56 95 0 0 0 0 0 0 0 0 0 0 0 1 0 0 0 0 0 0 0 0 0 0 10 0